1000
1 2 223
1 3 891
3 4 -990
3 5 -626
2 6 281
2 7 472
4 8 879
1 9 -523
4 10 827
2 11 -892
10 12 344
1 13 -958
6 14 -219
12 15 -134
4 16 396
15 17 184
2 18 -711
17 19 40
6 20 -308
15 21 -12
7 22 -946
12 23 -542
10 24 633
9 25 -361
7 26 -794
3 27 -428
25 28 -12
28 29 221
29 30 -762
3 31 252
24 32 218
22 33 -748
25 34 -819
34 35 -79
7 36 -737
6 37 -598
26 38 -632
25 39 808
38 40 -90
27 41 -426
27 42 -692
23 43 -778
31 44 -125
43 45 -821
41 46 530
6 47 -696
10 48 -462
30 49 368
26 50 -38
7 51 149
19 52 756
40 53 100
15 54 969
13 55 239
54 56 -532
45 57 551
25 58 631
5 59 187
53 60 -228
26 61 -267
29 62 912
59 63 -838
26 64 150
16 65 168
38 66 377
20 67 -106
58 68 424
8 69 -188
23 70 572
56 71 384
51 72 -464
5 73 932
4 74 821
3 75 -771
30 76 -959
72 77 -549
68 78 999
3 79 959
72 80 259
29 81 -184
59 82 -444
80 83 767
55 84 -183
63 85 -514
32 86 744
58 87 987
84 88 476
10 89 -554
68 90 -851
62 91 446
50 92 194
20 93 700
24 94 626
33 95 897
43 96 -660
57 97 519
43 98 537
34 99 -567
36 100 -466
75 101 -701
73 102 903
56 103 -886
1 104 317
25 105 -769
10 106 -651
72 107 214
66 108 131
47 109 849
49 110 -429
30 111 197
33 112 -986
107 113 365
59 114 -329
7 115 461
31 116 -727
53 117 41
62 118 160
115 119 111
118 120 -613
12 121 501
78 122 -424
59 123 394
67 124 185
2 125 578
56 126 -456
86 127 -775
61 128 -839
88 129 223
43 130 -55
20 131 595
5 132 558
92 133 -492
68 134 -95
17 135 -248
38 136 -482
69 137 142
46 138 -920
65 139 916
93 140 335
140 141 -864
84 142 381
42 143 551
102 144 508
112 145 -626
114 146 13
108 147 -215
52 148 -839
22 149 -154
75 150 -531
114 151 915
32 152 -479
83 153 196
107 154 149
62 155 -19
144 156 -840
97 157 476
140 158 35
108 159 -360
131 160 356
129 161 667
153 162 -460
136 163 -504
40 164 302
162 165 -119
8 166 -947
13 167 430
95 168 -35
31 169 -710
123 170 294
94 171 711
108 172 946
30 173 -890
130 174 326
73 175 -363
140 176 322
107 177 -393
45 178 870
83 179 234
93 180 -998
159 181 -944
77 182 -977
176 183 745
38 184 226
84 185 -341
35 186 305
127 187 89
69 188 -330
143 189 345
79 190 506
81 191 -766
92 192 400
149 193 360
120 194 944
175 195 998
40 196 -736
145 197 116
32 198 -346
166 199 276
22 200 -549
22 201 514
186 202 418
61 203 -880
103 204 358
4 205 198
42 206 3
141 207 -195
97 208 -728
195 209 230
161 210 -242
97 211 276
200 212 953
187 213 -133
126 214 -192
181 215 600
87 216 191
131 217 -429
47 218 273
65 219 368
53 220 713
101 221 52
103 222 997
132 223 -767
4 224 579
203 225 599
159 226 804
90 227 -83
164 228 -621
184 229 476
173 230 41
186 231 -998
134 232 747
150 233 955
189 234 -621
144 235 207
166 236 445
50 237 922
149 238 673
226 239 -176
153 240 174
197 241 145
216 242 -590
129 243 848
89 244 -40
154 245 533
101 246 957
172 247 789
105 248 223
114 249 -722
167 250 -377
132 251 -193
209 252 301
122 253 66
190 254 -560
92 255 782
241 256 870
178 257 264
194 258 -898
101 259 -374
18 260 549
20 261 -824
131 262 251
151 263 -236
31 264 -178
78 265 -254
67 266 -915
6 267 70
100 268 397
4 269 917
86 270 583
117 271 -878
123 272 738
129 273 -153
20 274 612
272 275 -985
45 276 189
274 277 -778
196 278 271
255 279 585
41 280 143
96 281 95
271 282 442
120 283 729
90 284 857
284 285 789
105 286 -544
181 287 564
76 288 -589
83 289 148
256 290 -3
179 291 183
188 292 -531
23 293 741
275 294 505
136 295 -54
243 296 213
45 297 -10
212 298 319
173 299 -394
22 300 477
284 301 287
190 302 421
96 303 684
257 304 -626
11 305 855
236 306 108
226 307 -329
199 308 556
182 309 988
14 310 294
70 311 265
85 312 -912
191 313 -282
298 314 -913
87 315 698
88 316 -167
89 317 54
42 318 391
246 319 643
127 320 -318
210 321 -308
105 322 205
272 323 -962
196 324 332
54 325 377
56 326 -483
299 327 -311
227 328 -989
105 329 570
92 330 845
161 331 220
159 332 808
133 333 -955
256 334 -432
167 335 -924
100 336 -702
83 337 -845
225 338 247
115 339 377
273 340 777
100 341 -239
110 342 -490
112 343 -544
87 344 528
21 345 734
334 346 -150
291 347 164
108 348 228
318 349 -473
263 350 -989
13 351 -397
169 352 -514
217 353 -73
335 354 -934
266 355 869
53 356 -385
214 357 -864
56 358 -250
285 359 -240
264 360 -826
141 361 -237
39 362 447
322 363 -204
157 364 -749
340 365 585
80 366 483
331 367 687
46 368 -940
104 369 259
70 370 -525
223 371 526
72 372 -130
59 373 772
178 374 368
175 375 11
147 376 -862
323 377 681
13 378 259
45 379 374
364 380 356
131 381 -114
109 382 -297
357 383 923
5 384 187
86 385 -554
131 386 423
117 387 -692
57 388 -252
152 389 -416
110 390 282
14 391 215
92 392 -74
375 393 -438
48 394 -71
254 395 -192
212 396 -549
75 397 -762
303 398 825
307 399 474
56 400 -988
56 401 787
70 402 -437
91 403 -158
168 404 288
274 405 -17
119 406 -423
258 407 546
199 408 -349
7 409 -198
50 410 159
325 411 -21
7 412 -138
50 413 -679
40 414 -952
62 415 -189
65 416 -171
233 417 53
382 418 -752
13 419 -741
376 420 -566
101 421 219
150 422 -446
38 423 -928
182 424 987
37 425 -658
119 426 -959
157 427 -245
43 428 653
346 429 146
222 430 -573
279 431 319
343 432 -890
411 433 -796
291 434 824
50 435 8
219 436 -180
125 437 -173
325 438 -895
257 439 -421
73 440 330
190 441 237
25 442 -87
402 443 832
223 444 -376
362 445 381
138 446 -952
311 447 865
178 448 71
119 449 189
409 450 647
362 451 -290
442 452 538
360 453 840
291 454 993
165 455 735
202 456 -990
338 457 808
311 458 -481
394 459 -397
410 460 732
50 461 751
335 462 -317
460 463 53
310 464 -202
97 465 763
134 466 997
218 467 -533
191 468 566
111 469 -266
135 470 397
28 471 552
79 472 -447
12 473 445
406 474 -445
66 475 329
375 476 589
302 477 181
112 478 809
195 479 140
235 480 590
378 481 -393
329 482 -68
240 483 -323
279 484 -506
476 485 170
6 486 -7
84 487 -588
79 488 637
488 489 289
324 490 462
48 491 593
170 492 -190
160 493 -564
301 494 -879
407 495 -219
432 496 -522
130 497 -146
175 498 -982
407 499 21
120 500 613
335 501 518
119 502 -975
416 503 265
350 504 344
351 505 -31
299 506 -273
434 507 -30
7 508 -994
367 509 -845
153 510 -461
352 511 395
208 512 882
283 513 984
85 514 -550
337 515 527
171 516 -248
36 517 -776
188 518 -469
443 519 555
381 520 -959
170 521 795
60 522 756
197 523 863
310 524 728
485 525 446
345 526 -933
269 527 -159
88 528 -797
304 529 -37
237 530 -56
209 531 -284
3 532 91
381 533 588
518 534 987
117 535 -389
68 536 222
205 537 911
400 538 -273
303 539 -704
463 540 -96
472 541 836
484 542 -860
24 543 -523
244 544 -384
368 545 -446
455 546 487
36 547 -188
92 548 769
284 549 314
217 550 99
501 551 340
519 552 -670
408 553 -144
476 554 -420
383 555 -374
409 556 -549
150 557 -987
387 558 -748
243 559 -508
119 560 488
504 561 542
337 562 874
532 563 108
207 564 -689
229 565 -46
109 566 -653
454 567 288
232 568 -342
508 569 -594
100 570 -590
61 571 838
412 572 -393
395 573 453
293 574 898
360 575 -158
63 576 -453
515 577 -642
495 578 -262
24 579 620
263 580 446
46 581 573
238 582 982
395 583 584
297 584 -882
194 585 -8
144 586 -422
121 587 390
200 588 794
436 589 160
61 590 -657
164 591 76
303 592 -615
482 593 311
222 594 -985
10 595 286
251 596 -382
105 597 -633
177 598 277
361 599 -647
229 600 55
591 601 924
340 602 289
532 603 933
325 604 712
406 605 -227
294 606 94
598 607 -499
156 608 -602
545 609 -841
576 610 858
197 611 431
103 612 861
112 613 -368
512 614 -138
72 615 -468
408 616 887
580 617 107
552 618 325
243 619 -743
20 620 689
295 621 -796
361 622 -564
129 623 818
519 624 -926
601 625 -639
574 626 -21
412 627 -593
476 628 146
537 629 534
584 630 581
457 631 482
598 632 -923
390 633 -358
166 634 -258
552 635 552
548 636 486
452 637 -674
123 638 -983
6 639 428
210 640 235
194 641 581
198 642 138
19 643 -834
18 644 -417
601 645 407
476 646 322
30 647 188
269 648 -409
612 649 915
264 650 -715
51 651 -566
395 652 -222
634 653 -636
425 654 -983
119 655 -555
382 656 139
369 657 -421
330 658 571
77 659 675
219 660 -555
419 661 432
489 662 527
510 663 -277
193 664 -552
46 665 -879
573 666 218
556 667 175
207 668 -128
395 669 907
557 670 -111
322 671 699
606 672 934
324 673 861
420 674 23
387 675 -228
51 676 -827
501 677 -650
579 678 -178
561 679 -512
437 680 -175
564 681 -326
143 682 -279
127 683 597
650 684 -55
558 685 -961
408 686 -32
58 687 -25
196 688 -986
400 689 520
274 690 486
527 691 621
163 692 -949
340 693 -970
174 694 -843
249 695 257
120 696 -315
268 697 -417
231 698 -107
475 699 -444
486 700 -204
368 701 229
540 702 890
646 703 779
491 704 -846
155 705 -945
82 706 -297
183 707 -588
203 708 -683
260 709 184
202 710 -482
659 711 15
79 712 42
18 713 723
227 714 -109
627 715 774
287 716 988
48 717 -436
185 718 878
237 719 -105
501 720 -245
244 721 228
312 722 741
570 723 770
484 724 197
473 725 -911
583 726 -492
553 727 -526
490 728 -742
457 729 42
549 730 590
395 731 950
327 732 -68
66 733 11
268 734 971
447 735 -602
617 736 -587
470 737 740
144 738 -620
379 739 325
376 740 -981
496 741 -151
390 742 -925
281 743 191
44 744 -365
75 745 -403
242 746 -838
317 747 802
398 748 -826
672 749 461
229 750 -725
407 751 984
170 752 -402
215 753 956
538 754 -654
648 755 -887
218 756 -305
180 757 564
272 758 400
475 759 -339
501 760 -898
679 761 374
720 762 363
222 763 -84
29 764 102
37 765 -204
304 766 792
94 767 623
96 768 174
335 769 -75
586 770 -584
720 771 0
166 772 -328
686 773 438
214 774 -124
350 775 221
514 776 -85
328 777 -201
132 778 326
329 779 -72
584 780 648
555 781 363
658 782 175
556 783 386
746 784 -880
563 785 426
50 786 -537
158 787 204
72 788 -896
340 789 -237
404 790 856
709 791 72
216 792 -866
31 793 -839
688 794 -300
600 795 446
209 796 928
112 797 344
631 798 350
348 799 7
556 800 -404
723 801 121
444 802 974
677 803 -807
796 804 -919
792 805 -829
163 806 -503
597 807 -737
582 808 -330
511 809 650
102 810 70
111 811 275
784 812 903
317 813 213
488 814 -96
424 815 394
151 816 768
26 817 -441
186 818 -603
668 819 375
773 820 266
623 821 529
586 822 -655
12 823 953
258 824 330
641 825 943
28 826 -747
371 827 -489
357 828 392
89 829 -479
282 830 944
663 831 795
289 832 988
306 833 8
661 834 -780
759 835 977
649 836 42
50 837 921
162 838 -147
197 839 960
577 840 31
377 841 696
120 842 790
542 843 -447
38 844 931
97 845 33
710 846 -453
379 847 -301
662 848 853
240 849 -525
219 850 -239
712 851 -771
634 852 70
685 853 -253
302 854 580
374 855 662
545 856 279
123 857 9
76 858 121
393 859 806
29 860 -806
369 861 -962
688 862 -221
781 863 -611
359 864 116
516 865 -740
257 866 -571
652 867 679
279 868 -803
498 869 -22
836 870 -755
307 871 945
180 872 110
290 873 -409
52 874 -927
814 875 -162
178 876 -209
345 877 -878
356 878 -715
484 879 759
234 880 -68
729 881 277
516 882 -934
697 883 -584
569 884 -62
429 885 597
407 886 147
519 887 -736
103 888 610
233 889 -956
296 890 -191
3 891 64
336 892 -127
214 893 -272
280 894 254
64 895 -884
696 896 620
284 897 103
180 898 464
21 899 63
197 900 -531
606 901 -301
635 902 316
212 903 429
280 904 377
275 905 722
750 906 913
271 907 343
69 908 85
134 909 58
823 910 229
264 911 638
535 912 683
338 913 -909
753 914 373
442 915 -339
42 916 -72
675 917 14
722 918 882
698 919 -275
781 920 916
719 921 443
2 922 -655
807 923 727
140 924 528
628 925 -118
15 926 74
580 927 605
648 928 -627
674 929 16
676 930 964
5 931 144
542 932 -849
477 933 -308
108 934 -843
276 935 290
33 936 421
830 937 14
357 938 -367
346 939 -690
583 940 82
666 941 -83
502 942 -174
424 943 -975
76 944 -112
353 945 -498
601 946 833
542 947 300
423 948 361
362 949 -984
849 950 -33
176 951 -296
61 952 596
170 953 268
133 954 -985
643 955 504
328 956 886
420 957 -633
37 958 -945
307 959 468
545 960 -9
314 961 351
261 962 174
380 963 -637
749 964 -800
640 965 167
228 966 686
563 967 111
781 968 146
383 969 -819
852 970 515
899 971 -71
116 972 662
758 973 668
389 974 -197
861 975 -784
567 976 -780
254 977 731
977 978 332
645 979 42
308 980 -527
949 981 -745
174 982 637
575 983 -890
349 984 746
803 985 -386
204 986 976
855 987 774
926 988 954
979 989 -90
983 990 691
179 991 664
172 992 808
23 993 -582
113 994 44
655 995 -772
760 996 -217
579 997 -654
365 998 850
418 999 -685
148 1000 -695
1000
A
A
A
A
A
C 266
A
C 977
A
C 438
A
A
C 335
A
C 200
C 53
A
C 139
C 584
A
A
A
A
A
C 495
C 668
C 250
C 433
C 911
C 16
A
A
A
A
A
C 419
A
C 465
A
C 289
A
A
A
C 330
C 363
A
A
A
C 597
C 681
C 597
A
A
A
C 980
A
A
A
A
C 464
A
C 74
A
A
A
A
A
C 80
A
A
C 837
A
A
C 957
A
C 610
A
C 194
C 950
A
A
C 314
C 301
A
A
A
C 937
C 804
C 673
C 817
C 96
A
A
A
A
A
C 9
C 41
C 409
A
A
A
A
C 922
A
C 983
A
C 920
A
C 60
A
C 228
C 460
A
A
A
C 261
A
A
C 910
A
C 251
C 884
A
C 157
A
C 492
C 296
C 780
A
A
A
A
A
A
A
C 407
C 495
A
A
A
A
C 911
C 91
C 100
A
A
C 471
A
A
C 543
A
C 296
C 538
A
A
C 991
A
C 701
C 244
A
A
A
A
C 22
A
C 121
C 652
C 782
A
A
A
A
C 466
A
A
C 799
C 821
C 131
A
C 541
C 472
A
A
C 178
C 448
C 644
A
A
A
C 829
A
C 271
A
A
A
C 621
A
A
C 298
A
A
A
A
C 313
C 332
C 69
C 350
C 850
C 980
C 350
C 476
A
C 420
C 86
A
C 243
C 476
A
A
C 733
C 199
C 404
C 947
A
C 648
A
A
A
C 510
C 661
A
A
C 757
C 528
A
C 770
C 528
C 234
C 745
C 743
C 150
C 87
C 361
A
A
A
A
A
A
A
C 793
A
C 901
A
C 150
A
A
A
A
C 416
A
C 162
A
A
C 759
A
C 119
A
A
C 359
C 224
A
C 368
C 688
A
A
A
C 840
C 951
C 575
A
A
A
C 211
C 541
C 562
C 440
C 710
A
C 590
C 795
C 150
C 868
C 271
C 537
A
C 839
A
A
A
C 703
A
C 831
A
A
A
A
C 473
C 458
C 855
A
C 35
C 456
A
C 726
A
C 187
A
A
A
C 791
A
C 225
A
C 550
C 679
A
C 151
A
A
C 224
C 470
A
C 925
C 461
A
A
A
A
A
C 225
A
C 838
C 515
C 569
C 152
C 522
A
C 539
A
A
C 446
C 724
C 907
C 859
A
A
A
C 359
A
C 889
C 860
C 21
A
C 789
C 42
A
C 142
C 852
C 315
C 637
A
C 895
A
A
A
A
C 952
A
C 974
A
C 185
A
C 337
C 208
C 868
C 257
C 69
A
A
C 109
A
C 155
C 396
A
A
C 385
A
C 925
C 622
C 162
A
C 498
A
A
A
C 169
C 3
C 556
A
A
A
A
A
C 864
C 230
C 742
A
A
A
A
C 531
A
A
A
C 849
C 604
A
C 124
A
A
C 340
C 684
C 642
C 173
C 917
C 420
A
A
C 919
A
C 802
C 526
C 773
A
A
C 414
A
A
C 611
A
A
A
C 891
C 377
C 786
A
C 205
C 537
C 574
A
A
C 262
C 63
C 967
A
C 380
A
A
A
A
A
A
C 832
A
A
C 768
C 854
C 885
A
C 425
C 266
A
C 527
C 926
C 995
C 27
A
A
C 653
A
A
A
A
C 821
C 321
C 277
A
C 513
A
C 938
A
A
C 681
A
C 606
C 99
A
C 176
A
C 829
C 760
A
A
C 821
C 193
C 957
C 341
A
A
C 759
C 62
C 601
C 940
A
C 38
A
A
A
C 738
A
C 850
C 318
A
C 998
A
C 955
A
C 776
C 705
A
A
A
A
A
C 659
A
C 49
C 998
A
C 88
C 697
C 751
A
A
A
A
C 936
A
C 249
C 993
C 682
A
C 753
A
C 764
C 591
A
C 941
C 845
A
C 893
A
C 258
C 200
C 303
A
A
C 736
A
A
A
C 553
A
A
A
A
C 524
C 446
A
C 574
A
A
A
A
C 296
A
C 848
A
C 983
A
A
A
C 391
C 14
C 979
C 751
A
C 626
A
A
A
A
C 281
C 948
C 25
C 822
C 442
C 924
A
A
C 845
C 151
A
A
C 988
A
C 631
A
C 883
C 704
A
C 336
C 370
A
C 964
C 136
A
A
C 533
C 819
A
C 321
C 598
C 726
C 16
A
A
A
A
A
C 624
A
A
A
C 188
A
C 618
C 620
C 121
A
A
C 881
A
C 619
A
A
A
A
C 52
A
A
C 427
A
A
C 805
C 151
A
C 13
A
C 632
A
A
A
C 104
A
C 67
C 236
A
A
C 944
C 412
C 726
C 804
C 443
A
A
C 600
A
A
C 422
C 614
C 372
C 691
A
C 109
A
A
A
C 852
C 788
A
C 513
A
A
C 896
C 304
A
A
C 445
A
C 682
A
C 405
A
C 144
A
C 517
C 852
A
A
A
C 257
A
C 710
C 779
C 746
C 445
C 467
C 981
C 922
A
A
C 795
A
A
A
C 339
A
A
A
C 302
A
A
C 546
C 740
A
A
C 110
A
C 577
A
C 201
A
A
A
A
A
A
C 361
A
C 976
C 940
C 626
C 450
C 160
A
A
A
C 434
C 586
A
C 506
C 778
C 696
C 514
A
A
A
A
C 533
A
A
A
A
C 87
C 303
A
A
A
C 995
C 434
A
C 658
C 843
C 783
A
A
A
C 909
A
C 756
A
A
C 209
C 371
C 15
A
C 102
C 381
A
A
A
A
A
A
A
A
A
C 581
C 950
A
A
C 878
C 836
C 37
C 331
C 691
C 784
C 798
C 668
A
A
C 625
C 656
A
A
A
A
A
A
A
C 771
A
A
C 682
A
C 78
A
A
A
A
C 55
A
C 74
C 652
A
C 226
A
A
C 531
A
C 946
C 643
C 974
C 301
C 982
A
A
A
C 852
C 815
A
A
A
C 612
C 236
A
C 149
A
C 31
C 501
C 73
A
C 398
A
C 405
C 970
A
A
A
C 531
C 948
A
A
A
A
A
A
C 540
A
A
C 397
A
C 725
A
A
C 966
C 521
A
A
C 209
C 464
A
C 252
C 5
C 829
A
C 46
A
A
C 426
A
C 217
C 235
C 850
C 750
C 580
C 306
A
C 862
C 930
C 841
C 305
C 309
A
C 354
C 213
A
A
A
C 409
A
C 193
A
A
A
A
C 764
C 272
A
A
A
A
A
A
A
A
C 512
C 291
C 514
C 684
C 365
A
C 672
C 657
C 442
A
A
A
C 356
C 563
A
A
A
C 122
C 473
A
A
C 84
A
A
C 955
C 655
C 605
A
C 614
C 932
C 122
