500
834478333952073503 28702
803971021292333512 25015
816187437359799254 44118
914377597698733350 32419
952547289445470333 22652
905751036041657084 40325
806545160618109808 26026
773937930359098121 25288
763921360808647636 39595
740384016503728882 33505
683675842187458454 37713
621331553535929394 36729
896469420037617041 37613
901379629137752895 39659
504594464371438016 26466
662044365244463674 33225
796982229862842002 28514
601512663663928713 32311
841018334336616583 37519
853571910753380296 33744
601749143317944955 27101
613563963291564534 37274
647487036856410970 25173
867498169390783674 30273
588499124736209124 24851
821466453825331136 24959
983698199498054675 37882
808470285383261674 35303
987031093314821058 29859
551310751407510243 28078
695187585631854254 41087
730381003049502800 41010
652799722458329759 35065
715660903721892404 39652
979322625828197747 40462
599397325627075253 23640
522346334605275818 25517
564174981568365842 38871
571843380404104115 29890
866036336452414293 37954
532400403128952310 39295
730914702722262820 37957
774707125384603107 43839
861855656969800386 37938
752209287583369377 28410
880005596902240751 26929
550510623726210100 42493
912808030208620614 36302
555691484241141388 29043
511302132241510789 34085
817481424218252410 28764
559421284897265487 44615
693255135103394722 36674
839358944729507606 24413
603416429187380578 40797
836719338321793338 36428
681495062563923506 44842
510022359790862686 36344
623540795987491185 30068
838750335883762533 42693
953017291905200844 24943
981616406442343194 35722
514855745319062081 40429
737723257880985272 34016
840898311513575381 37418
965637787003794261 41703
572061464674329783 24164
669571586374824847 42960
926940352010629204 44196
775770617422919222 25325
718063892213002194 30208
652108285851983083 34643
613314357649067472 24921
869075623789184828 44565
793902851437746173 39449
880836599653529315 34144
916031937588119215 38434
634272563229924456 32234
640016173149478076 24363
669150121006741074 42921
785877398148047355 27465
512819464757888329 24079
578586978167361314 28760
957739927656918782 40773
518412072935213169 44313
903203537772272340 41472
876026214522840057 26835
634396742188163668 33151
798395984493958876 43855
675466302825245711 26533
934426786933464945 23798
548244186139558522 34172
800278925185274361 31303
655704940792786006 32197
768199832288002273 35511
892069585004144004 26072
503892611321986670 42528
953189175434273292 32323
985686501898828857 23020
886481295277682038 31706
649548025799419307 25265
967840809976563945 44532
800778541564905064 37105
915902039610965779 26217
914886334927268035 26377
558949253189248438 39121
852258070483052496 42193
710001708895962858 37109
575101616944912468 29964
876697752759469042 29152
866361268033448014 42994
767906583643340407 35107
840542783786812162 34481
572739348269044850 32146
634454691093918761 37727
592550741845259831 23363
887150588752447354 29462
515103514948650588 44655
904947503904102547 34703
593221439496838816 40946
514891244291852196 37368
498333634054200468 36012
743645181460749605 44105
804041654957140757 40163
678424163730358111 24027
645750370263370462 41035
986467461281161659 25840
846204819700843772 37724
822146375247331291 31553
975423468161177052 35876
990957020262945544 36616
684301463776905264 28611
720568328673405487 31713
733909469668100537 37657
615528961242288670 40156
629459521422220297 27933
916039625621876056 31974
756628368468296173 25042
805678055238226057 36896
595898377467554198 27692
699945904112800586 44278
932902096661766007 34725
758162472822374433 25686
836796913158073890 37202
604655501764343967 28539
779311203828291506 33690
875764423210220247 44691
502709283128200679 44157
909731071030402620 39469
858238351591536498 34647
660825973263616959 41609
517222904505734988 42873
913048547181335181 42620
950827392580808352 27074
617825044666213742 39338
930299864838820795 34252
658532771660457670 22926
853928829414992685 41942
992991619321050341 24689
743179107125012864 30341
653563732745654559 35780
787110333211901300 26969
950550862756023242 28056
967059259543122913 39087
506456060024906572 37536
619681411081083413 36883
952179490698320258 25893
544473096060970306 41823
548898476095037930 36990
933573846757710956 32293
662889932900190798 36389
654363861568699943 26919
736859331871206668 30258
751475313732609255 29510
940093650150219361 41667
848273698705038018 25142
741773053356034121 32826
723446717012004333 29403
615533570579891053 34124
619329169006511161 35336
954777385146732380 41344
599387933619562611 26683
820836842856395709 43254
680866979023128964 41905
620908843366483296 39267
504479041231033118 38743
658780994528831025 30991
701044819177561442 27139
566848432481463155 43318
966186199814770099 28403
725059873329373667 27506
803241434817902983 35031
688407288501144483 22853
569320925212041814 29054
752524959583236876 36911
805494343941754916 39808
503184624362213042 29169
502866379749761447 31598
891056714363534695 44665
964618341734443823 36655
722481506116542870 30296
982323203570484115 25367
570986622650848239 29667
915678986247859164 29676
552750510953199062 43258
632256975201483305 37190
602666940158703682 35114
968537237822808142 35609
527976791290388055 30406
516462687454491788 36696
676018859138454772 23926
687119884367325488 38523
751132485152229536 30318
629192911791236038 34353
542160690948250189 33996
529146119284368461 31597
791712578335300799 28715
584212604264268431 31150
638587760068500937 44820
619495504109153222 43793
519984027626588130 28392
905125382378820585 43754
970194462061886444 43505
634462144848206370 31086
892757434546695692 27286
563186646118487951 23857
692522926628064483 26566
939226606877860340 23704
517560146421438522 37598
756060250104643109 24359
979552816062037313 40972
914077022326748542 23727
897823682575337746 29738
822165843623528486 42468
852148375004520106 27539
819004579934851421 38477
548902035514867821 42016
624681534119820178 36078
574949454345118282 43647
802938713342426310 24576
756613727724038079 26128
526046824376606186 40381
806186466267173731 41732
789065808118963784 29122
535440043268716030 26976
895669257125888254 33983
663714365804508612 27213
988142350719224840 33499
820324126374269228 40057
684815226181022473 27814
626533827244743048 33593
702635376463138213 43019
847587396575532355 31778
933248871989105724 23371
688047311410742543 30763
657825298858382584 31542
663335063709090954 26862
911257126581315878 43580
596961796732735532 24889
500916848648485032 41900
982920369099465941 33123
716286163091532665 33909
552488140303793878 43011
932447913803477889 28547
946250794355765473 40723
742611520827142461 22699
676749498315288699 31285
568748545898448426 32849
859733888087189673 29313
782657085016049618 40519
735064276555263879 34581
914662337742116918 37636
683980636013281844 32502
899420500730463142 42743
661685459986458074 40164
923739526132632263 33010
723239114746944869 24522
703248019970740945 36882
923533526429254560 26610
651603629577679575 38303
655894389470998248 41644
699912591183216071 38066
757405357344911220 28646
602971839957960034 32284
751521057385012161 35766
547817745087932970 42952
624901372067238334 36948
982406361702454431 28866
561877607761381657 34205
950087720467695217 40997
747270098334888253 34115
571357737845981698 43435
801558624033278454 33689
751280294698348542 24246
537248220649599862 36453
947936283222679148 37219
794077345560541835 42369
819033524554528896 35685
700073582429595719 33398
765977914125984943 26777
639109974826947566 25198
849007454021381767 39363
525549033703729139 26686
911590213571864325 44537
970490353010936850 38232
845200025012692366 40956
873155068815665142 33016
710710450208122257 34034
524105479049031716 28207
782508476123011706 42752
555751513210345661 29519
645082330908642884 34979
846526805155385876 39469
614287227066801837 31585
961631181517111846 22756
775710174063775551 40057
550650895990256589 27762
928380099577284615 33227
606637864723823577 37781
840111043107934137 42770
915847660527633811 30750
872272389918272206 24918
573554636997027940 43644
553777613558218242 33316
737692002613038234 28904
874987313375678642 36145
671812679958420082 26447
944923233389847010 30756
831499346733070111 28790
775371337901690028 25445
660579457055463000 35640
868976831144099655 33837
842195672983648194 25984
682387720549991812 44833
910409224897361986 35604
583979289812866190 24780
617867385464256394 33880
635437761629237607 29108
642612476411677979 39052
518703486847756514 39809
957549030578401767 32436
562532832981160992 25414
832052176545154108 23158
559469690217134817 36452
628215658973260566 33977
562914992455710177 44135
928764028335898620 26466
625604213472526863 24603
939729052731461113 23990
698464641677469904 41396
792001678896898828 31956
666196732952507935 31642
670570976137241018 42904
747953686888753824 35627
702980648835480948 41026
738696380970665305 22779
499945551382480094 40719
811349128289906570 38369
674966440928772186 38133
555124607188038669 24586
680581864847238023 37009
795526435974902030 24760
512872847033124391 27744
512524021239519135 25261
994446510618100010 29611
561992345904522987 40682
529683295213143559 31495
837219479991909605 39636
628568283002286237 40981
796001667899256219 42975
785661333317616539 28676
632977753038178469 43653
567866587546284978 39174
847535005728083121 42971
881181694861177564 32834
762873674158421046 27836
920339084955421270 24260
776647135581022107 29692
955827021546611950 44338
908523044560571874 29768
680666971030234351 32179
678633384161151533 24343
507343384781608002 29265
833159845246289335 32394
566014450053801540 38488
860972072299020327 26497
863486268093692102 35933
780003068345007195 35356
970535314523499829 26306
662113564766394804 35324
646047478007049404 29061
532114971678744863 40510
825165553806193752 35975
868127638224255104 36966
906145287602448964 25299
871686488274250524 30175
987289668275575707 42669
717685941714658870 42896
962432182725414595 29340
544312606900565134 38294
988229947808929929 35140
852365209243103054 31829
896409722636174659 28622
540480767140425720 26014
609880918407701231 35219
972629066112919908 33302
897828932221554732 37468
654666932890664119 44932
562033774992095486 25293
680217450634726468 35690
836777788867933034 43519
532325777360534746 33526
866824897348509132 39030
546539833413215399 30865
696169503761316128 37406
831759886683940154 35166
959049565861656359 40494
688805235106545963 40350
632220731974598263 31773
961972929810705052 25613
741270462025584475 27249
653644304253371638 41139
676101802543769167 35829
925472623093981176 28156
964346240458999960 36414
888970540124173303 33166
704461048995361331 30178
914216973424587533 24708
502872059336832744 40172
532929158627771032 25158
939588087941760444 30167
569805866335106390 26363
905370948788926411 22851
750499031808080001 28544
533050712496930529 39628
820944046723280674 22850
612953571204765977 40721
608047609938134715 25750
675482044653853780 42174
862499717764801632 27686
866873663190702450 34029
537210601022890319 36000
697111964137394653 32563
507529666125286072 35616
751577600497969558 36805
734111477905117249 40534
723157673422815050 23979
656533291247319721 27610
658480299872477922 44559
520727252226001891 35133
668722609829263713 34681
725159073717695892 24818
700660867326328809 33623
534043838974670188 26226
710672841346832612 33544
743113282717343330 39001
939224075396480790 41000
991865542461987790 22966
758797075668474672 34600
583770203189051819 24553
515008397215593022 25624
604182676296633113 35259
807297836239201907 27259
573157355477074864 22634
551288694398964318 28022
940379406598767663 39656
709226240467725936 33174
902606566524990382 32986
553539059439273596 36236
730987473418207386 37056
545976180268181263 39445
555790171309608146 37244
650822543513610553 43175
876824985911954875 26586
732686120607485356 36584
943549460698574362 36248
548483666502333240 31075
898047072604273297 22713
591663568082497118 36350
872722841108308447 40879
645632053826960251 31686
571484262734897406 25068
862937962433840805 25149
687418244670984011 27538
813669189344693056 35477
600126958740560919 27848
664253803205192359 37739
674632289868757512 41625
554379745921782823 39999
612018259100487476 23127
749387934119381174 26849
777033726439265809 40254
716827384321194173 36150
754236239077111727 40121
808480928520975213 24562
838855581346051347 43770
739142851868270725 31241
592182229475891886 32428
936998360457164678 30093
706640203648011325 42148