145535092
775711007
352289951
130529461
431849728
647864403
476947645
526701376
381035773
770592349
71175037
646116540
759386078
223117595
501560035
511718483
830140711
377667960
332406103
53829896
96275975
542951680
685871312
910336921
352323257
275009375
128063461
514419564
988842107
54340855
742573173
20591638
183676328
973280334
752225977
71836791
694512933
31172151
975220020
682208431
570639577
839752875
184135325
637984391
167523617
222877980
965743291
685804454
167972285
322351410
984233641
656897198
583793265
467044261
97095785
219200744
664852449
433915185
663139400
453009510
216364896
510197408
247180027
631356916
9278306
91131323
907800703
721361233
787293426
789230895
56632851
534520686
461806194
452081690
947382549
193168210
213416100
458545948
715699510
35010894
125953536
690426588
70562823
316852063
230870167
321358948
642609072
525997600
263932396
746625145
141707140
644460617
913587254
502558585
520159695
722366595
631522293
154876126
305539217
905452062
681283516
734781785
938020139
410054453
346594114
196243246
61810748
383576631
725882980
378228415
414124786
971351228
886321122
860746992
992534032
893595740
186214876
200648073
437175096
251652938
922426958
46066018
285011115
610284701
311038690
360493373
931664423
392361138
573095715
670740074
80714701
263936424
214565060
152790080
177201612
547218406
440032749
755756193
638207982
862661137
703294071
997584070
544219378
530162319
794142482
28668046
253397655
559756679
964203896
618486158
68436041
700396482
307584048
771186092
119405600
489648511
70742745
104914813
563610825
801641480
188816005
269190317
16004324
532546498
173495929
590068828
349574009
393826902
320433292
391899024
391942652
893999652
223331426
651569073
478648675
207182224
724273700
323948701
113367193
633942675
105206781
211235990
26908664
658333929
339467647
70859929
912795374
879589539
905302573
800092787
808694280
563614310
248636917
419123676
527086701
589709827
682002776
681118643
743521205
689409088
622247953
208671843
25962752
8060253
666162861
333043498
366848171
177330096
302261272
101646903
941082178
880664597
321647496
378327079
535038726
35516405
96857598
701514178
490714812
30094474
104538031
695121293
56578442
754293682
612118090
518240266
860930801
246932304
655550585
189848081
403885342
796905657
947533732
250013509
77399117
936292689
812033380
92109010
578832050
842338813
116635418
787709009
576453195
627886703
723638266
865860139
230944027
314730500
24124679
232324022
40518885
689100084
258390717
219570337
762250204
672307785
316281916
691979319
697292509
775533397
419069532
709501514
745520148
75561845
630066494
480503121
850246186
865855571
404429501
376604907
305933500
164489525
365298525
718936830
630091516
72355842
374533712
770867794
413778770
243132164
741239933
431274789
415003606
323541472
601822761
422893937
522864573
935574594
674297249
359488036
25890066
808319977
227336507
343090746
307413750
31894091
558697095
420319623
32701904
518039193
208552503
501044917
56230040
213258076
263405949
746278487
727223051
655509257
708229615
34909256
930100701
645829187
616293535
227940308
535823019
760812241
775934308
520281974
114600921
187261414
999115281
486902522
9722566
141141468
804848235
987071979
3275178
707031214
934363462
927483141
173000941
561838127
678839509
203779750
628662076
578525872
377021835
45525199
243634979
161510641
781050675
8300799
411041575
923883424
868508832
791896195
613205832
731636007
16009797
541042686
330297199
33087428
863273124
665943327
369432892
635852102
424935901
193336243
365975328
620598121
455009802
189544568
608696263
205061291
271077583
576191936
195242706
446569307
552635724
962771551
425422143
783408625
388831775
736098061
153626390
314699860
336276410
304336927
177098367
667203939
184347937
377418520
45070186
531045925
726421793
317421353
220076090
152879224
491453538
775936103
617772882
22133160
995107473
297773751
871718514
84204488
527355422
840561992
617794713
414917517
588073284
45771018
458331276
358568094
794216525
31247964
425724774
374514673
832001706
354583490
450488045
529739971
210005336
319347514
378690650
220540793
672720010
131780576
329531542
42368632
542958754
76084170
57511661
830168008
932823042
366776861
268738559
795663865
249182217
687599009
870460831
714064180
353920371
834941403
132100101
949963544
23925734
13488379
561534856
990808177
755567638
493663201
339385660
54125751
581237582
963498797
480347542
728519618
434556908
877662679
146254836
623929882
998298553
431202924
669480435
293374527
528014268
6091551
680796257
428305702
834347597
931836123
311909545
126347755
310307857
589043095
489807687
825978398
453328195
280969996
156686485
904773108
446531679
992922443
611287019
4786108
849761213
803621509
354674364
593897612
32790933
269544695
724057471
875642436
538686963
725537416
783498637
201485296
961598986
877906813
816734580
981401388
511585161
600455590
611676601
175974612
997155784
549331110
337930813
40812415
