10 10 1000000000000000
0 0 1 45 60 26 10
1 1 1
0 2 3 39 10 24 98
1 3 3
0 2 5 92 75 95 46
1 3 3
1 5 5
0 7 8 64 39 19 46
0 4 9 74 57 39 16
8 228890409
0 866535173
5 906564906
5 218931017
5 1366111595
8 1708665250
7 1209116406
5 89492647
2 352660412
7 1307968897
8 1774034544
5 586027416
2 1838614687
6 703324724
1 1106726771
0 598826930
3 1411233161
0 1849520400
7 1913391088
6 1103185345
7 1826133985
3 2088247194
3 913567664
6 1875977748
8 996190915
1 99777746
2 3174998
6 629397626
0 784673194
5 2007258842
4 1200443883
7 1079533497
0 1923964227
7 634507817
2 702538019
6 674407055
1 254576462
6 1268955100
0 645426794
9 286888555
1 2033912198
7 116875872
9 1072471463
7 1731393235
9 2078995849
5 1601060974
3 2049770553
2 1596149482
1 1314681073
3 1368639151
7 1820866813
5 250923801
1 510733160
5 1096103754
9 369844454
4 650294016
9 1769658610
5 145876553
8 1513443388
9 404307434
8 1320954569
4 429428026
8 390995583
7 902008958
2 2108751159
5 1575412102
3 18727021
1 1710093952
8 1198731157
1 1685620136
5 2041706367
9 1824848615
9 955600394
4 211044106
0 1700511309
1 1766515723
2 473236300
4 2097223705
6 2074037610
2 422424893
5 974913478
9 1669955799
3 1676689250
9 1523100680
9 1891280162
1 149028722
8 1249667674
0 1301900563
9 1797118859
0 379344554
7 2128296210
2 76645103
1 46836731
2 1318280746
9 878134177
5 2008695816
7 1591058986
9 699204506
8 616250422
6 1848201348
